participant, practice/real, trial#, target/nontarget, target type, setsize, error, responsetime 
1270292, 1, 1, 2, 1, 8, 0, 2210 
1270292, 1, 2, 1, 1, 16, 0, 1664 
1270292, 1, 3, 1, 2, 4, 0, 1225 
1270292, 1, 4, 1, 1, 8, 0, 1567 
1270292, 1, 5, 1, 1, 4, 0, 952 
1270292, 1, 6, 1, 2, 4, 0, 795 
1270292, 1, 7, 2, 2, 16, 0, 1345 
1270292, 1, 8, 1, 2, 4, 0, 781 
1270292, 1, 9, 1, 2, 4, 0, 672 
1270292, 1, 10, 2, 2, 8, 0, 997 
1270292, 1, 11, 1, 1, 16, 0, 1266 
1270292, 1, 12, 1, 1, 16, 0, 1523 
1270292, 2, 1, 2, 1, 4, 0, 1598 
1270292, 2, 2, 1, 2, 16, 0, 1010 
1270292, 2, 3, 2, 1, 4, 0, 1940 
1270292, 2, 4, 2, 1, 8, 0, 2385 
1270292, 2, 5, 1, 1, 8, 0, 975 
1270292, 2, 6, 1, 1, 4, 0, 773 
1270292, 2, 7, 1, 2, 8, 0, 915 
1270292, 2, 8, 2, 2, 4, 0, 1006 
1270292, 2, 9, 2, 1, 4, 1, 931 
1270292, 2, 10, 2, 2, 16, 0, 1103 
1270292, 2, 11, 1, 1, 16, 0, 868 
1270292, 2, 12, 1, 1, 4, 0, 1061 
1270292, 2, 13, 2, 2, 4, 0, 852 
1270292, 2, 14, 1, 1, 16, 0, 2050 
1270292, 2, 15, 1, 1, 16, 0, 945 
1270292, 2, 16, 2, 1, 8, 0, 1666 
1270292, 2, 17, 1, 1, 16, 0, 1633 
1270292, 2, 18, 2, 1, 16, 0, 2176 
1270292, 2, 19, 2, 1, 16, 0, 2835 
1270292, 2, 20, 2, 2, 8, 0, 1151 
1270292, 2, 21, 1, 1, 4, 0, 1329 
1270292, 2, 22, 1, 1, 16, 0, 1059 
1270292, 2, 23, 2, 2, 16, 0, 1007 
1270292, 2, 24, 1, 1, 8, 0, 789 
1270292, 2, 25, 2, 2, 4, 0, 803 
1270292, 2, 26, 1, 2, 16, 0, 1520 
1270292, 2, 27, 2, 2, 16, 0, 787 
1270292, 2, 28, 1, 2, 8, 0, 832 
1270292, 2, 29, 2, 2, 16, 0, 739 
1270292, 2, 30, 2, 2, 8, 0, 690 
1270292, 2, 31, 2, 2, 4, 0, 610 
1270292, 2, 32, 1, 2, 4, 0, 724 
1270292, 2, 33, 2, 2, 8, 0, 721 
1270292, 2, 34, 2, 1, 8, 0, 1920 
1270292, 2, 35, 1, 2, 8, 0, 1137 
1270292, 2, 36, 2, 1, 16, 0, 2210 
1270292, 2, 37, 2, 2, 8, 0, 787 
1270292, 2, 38, 2, 1, 8, 0, 1716 
1270292, 2, 39, 1, 1, 8, 0, 945 
1270292, 2, 40, 1, 1, 4, 0, 756 
1270292, 2, 41, 1, 2, 4, 0, 742 
1270292, 2, 42, 1, 2, 16, 0, 1072 
1270292, 2, 43, 1, 1, 4, 0, 881 
1270292, 2, 44, 1, 2, 8, 0, 689 
1270292, 2, 45, 1, 2, 16, 0, 748 
1270292, 2, 46, 2, 1, 16, 0, 2047 
1270292, 2, 47, 1, 2, 4, 0, 722 
1270292, 2, 48, 1, 1, 8, 0, 895 
1270292, 2, 49, 1, 1, 4, 0, 692 
1270292, 2, 50, 2, 2, 8, 0, 990 
1270292, 2, 51, 1, 2, 4, 0, 656 
1270292, 2, 52, 2, 1, 4, 0, 1188 
1270292, 2, 53, 2, 1, 4, 0, 1154 
1270292, 2, 54, 1, 1, 8, 0, 964 
1270292, 2, 55, 2, 1, 8, 0, 1364 
1270292, 2, 56, 1, 1, 4, 0, 719 
1270292, 2, 57, 1, 2, 4, 0, 1312 
1270292, 2, 58, 1, 2, 16, 0, 627 
1270292, 2, 59, 1, 1, 16, 0, 722 
1270292, 2, 60, 1, 1, 16, 0, 915 
1270292, 2, 61, 1, 2, 16, 0, 607 
1270292, 2, 62, 2, 2, 4, 0, 689 
1270292, 2, 63, 2, 2, 8, 0, 656 
1270292, 2, 64, 1, 2, 16, 0, 641 
1270292, 2, 65, 1, 1, 16, 0, 834 
1270292, 2, 66, 2, 1, 4, 0, 1073 
1270292, 2, 67, 1, 2, 16, 0, 705 
1270292, 2, 68, 2, 2, 16, 0, 703 
1270292, 2, 69, 2, 2, 4, 0, 703 
1270292, 2, 70, 2, 2, 16, 0, 882 
1270292, 2, 71, 1, 2, 16, 0, 593 
1270292, 2, 72, 1, 2, 4, 0, 607 
1270292, 2, 73, 2, 2, 4, 0, 802 
1270292, 2, 74, 1, 2, 4, 0, 547 
1270292, 2, 75, 2, 1, 16, 0, 1617 
1270292, 2, 76, 2, 1, 4, 0, 724 
1270292, 2, 77, 1, 2, 4, 0, 931 
1270292, 2, 78, 1, 1, 4, 0, 850 
1270292, 2, 79, 1, 2, 4, 0, 787 
1270292, 2, 80, 1, 1, 8, 0, 729 
1270292, 2, 81, 2, 1, 4, 0, 802 
1270292, 2, 82, 1, 1, 8, 0, 691 
1270292, 2, 83, 2, 2, 4, 0, 728 
1270292, 2, 84, 2, 1, 8, 0, 1436 
1270292, 2, 85, 2, 2, 4, 0, 834 
1270292, 2, 86, 2, 2, 16, 0, 801 
1270292, 2, 87, 2, 2, 4, 0, 513 
1270292, 2, 88, 2, 2, 8, 0, 549 
1270292, 2, 89, 2, 1, 16, 0, 1985 
1270292, 2, 90, 2, 2, 16, 0, 929 
1270292, 2, 91, 2, 1, 16, 0, 1635 
1270292, 2, 92, 1, 2, 16, 0, 942 
1270292, 2, 93, 1, 2, 8, 0, 609 
1270292, 2, 94, 2, 1, 16, 0, 1376 
1270292, 2, 95, 2, 1, 16, 0, 1328 
1270292, 2, 96, 1, 1, 16, 0, 789 
1270292, 2, 97, 2, 2, 4, 0, 689 
1270292, 2, 98, 1, 1, 8, 0, 740 
1270292, 2, 99, 2, 1, 16, 0, 1218 
1270292, 2, 100, 1, 2, 4, 0, 837 
1270292, 2, 101, 2, 1, 16, 0, 1699 
1270292, 2, 102, 2, 2, 16, 0, 717 
1270292, 2, 103, 2, 2, 4, 0, 1122 
1270292, 2, 104, 2, 1, 16, 0, 1699 
1270292, 2, 105, 1, 1, 8, 0, 1085 
1270292, 2, 106, 1, 1, 16, 0, 704 
1270292, 2, 107, 2, 1, 8, 0, 1188 
1270292, 2, 108, 2, 1, 8, 0, 1025 
1270292, 2, 109, 2, 1, 4, 0, 1009 
1270292, 2, 110, 2, 1, 4, 0, 1037 
1270292, 2, 111, 1, 1, 8, 0, 772 
1270292, 2, 112, 2, 1, 8, 0, 1075 
1270292, 2, 113, 1, 1, 4, 0, 595 
1270292, 2, 114, 2, 2, 16, 0, 689 
1270292, 2, 115, 2, 2, 8, 0, 770 
1270292, 2, 116, 1, 2, 8, 0, 668 
1270292, 2, 117, 1, 1, 16, 0, 1059 
1270292, 2, 118, 1, 2, 8, 1, 685 
1270292, 2, 119, 1, 2, 16, 0, 869 
1270292, 2, 120, 1, 1, 4, 0, 1204 
1270292, 2, 121, 2, 1, 4, 0, 1248 
1270292, 2, 122, 1, 2, 4, 0, 644 
1270292, 2, 123, 1, 1, 8, 0, 944 
1270292, 2, 124, 1, 2, 4, 0, 706 
1270292, 2, 125, 2, 1, 16, 0, 1604 
1270292, 2, 126, 1, 2, 8, 0, 712 
1270292, 2, 127, 2, 2, 8, 0, 717 
1270292, 2, 128, 2, 2, 4, 0, 649 
1270292, 2, 129, 2, 2, 8, 0, 696 
1270292, 2, 130, 1, 2, 16, 0, 648 
1270292, 2, 131, 1, 2, 4, 0, 568 
1270292, 2, 132, 1, 2, 16, 0, 616 
1270292, 2, 133, 1, 2, 16, 0, 603 
1270292, 2, 134, 2, 1, 8, 0, 1528 
1270292, 2, 135, 1, 2, 8, 0, 614 
1270292, 2, 136, 1, 2, 8, 0, 552 
1270292, 2, 137, 1, 2, 8, 0, 569 
1270292, 2, 138, 1, 1, 16, 0, 1066 
1270292, 2, 139, 2, 2, 8, 0, 712 
1270292, 2, 140, 2, 2, 8, 0, 714 
1270292, 2, 141, 1, 2, 8, 0, 633 
1270292, 2, 142, 2, 2, 16, 0, 729 
1270292, 2, 143, 1, 1, 4, 0, 898 
1270292, 2, 144, 2, 2, 8, 0, 730 
1270292, 2, 145, 2, 1, 4, 0, 1010 
1270292, 2, 146, 2, 1, 4, 0, 1002 
1270292, 2, 147, 2, 1, 16, 0, 1785 
1270292, 2, 148, 2, 1, 4, 0, 650 
1270292, 2, 149, 1, 2, 4, 0, 892 
1270292, 2, 150, 1, 1, 4, 0, 858 
1270292, 2, 151, 2, 2, 16, 0, 730 
1270292, 2, 152, 1, 2, 16, 0, 727 
1270292, 2, 153, 1, 2, 4, 0, 936 
1270292, 2, 154, 2, 1, 8, 0, 1125 
1270292, 2, 155, 1, 1, 16, 0, 1443 
1270292, 2, 156, 2, 2, 8, 0, 742 
1270292, 2, 157, 1, 1, 4, 0, 745 
1270292, 2, 158, 2, 1, 8, 0, 983 
1270292, 2, 159, 1, 2, 4, 0, 723 
1270292, 2, 160, 2, 2, 8, 0, 716 
1270292, 2, 161, 1, 2, 16, 0, 665 
1270292, 2, 162, 1, 2, 4, 0, 616 
1270292, 2, 163, 1, 2, 8, 0, 569 
1270292, 2, 164, 1, 1, 8, 0, 1338 
1270292, 2, 165, 2, 2, 4, 0, 697 
1270292, 2, 166, 1, 1, 16, 0, 680 
1270292, 2, 167, 1, 1, 16, 0, 842 
1270292, 2, 168, 1, 2, 4, 0, 742 
1270292, 2, 169, 2, 2, 4, 0, 665 
1270292, 2, 170, 1, 1, 8, 0, 914 
1270292, 2, 171, 1, 2, 8, 0, 633 
1270292, 2, 172, 2, 2, 16, 0, 841 
1270292, 2, 173, 2, 1, 16, 0, 1494 
1270292, 2, 174, 1, 1, 4, 0, 826 
1270292, 2, 175, 1, 2, 8, 0, 874 
1270292, 2, 176, 1, 1, 4, 0, 760 
1270292, 2, 177, 2, 1, 8, 0, 1338 
1270292, 2, 178, 2, 2, 16, 0, 731 
1270292, 2, 179, 1, 1, 8, 0, 1144 
1270292, 2, 180, 2, 1, 8, 0, 1401 
1270292, 2, 181, 2, 2, 16, 0, 724 
1270292, 2, 182, 1, 1, 16, 0, 699 
1270292, 2, 183, 1, 1, 8, 0, 811 
1270292, 2, 184, 1, 2, 4, 0, 652 
1270292, 2, 185, 2, 1, 4, 0, 890 
1270292, 2, 186, 2, 2, 4, 0, 810 
1270292, 2, 187, 2, 1, 16, 0, 1465 
1270292, 2, 188, 1, 1, 8, 0, 885 
1270292, 2, 189, 2, 1, 8, 0, 824 
1270292, 2, 190, 1, 2, 16, 0, 834 
1270292, 2, 191, 1, 2, 16, 0, 728 
1270292, 2, 192, 2, 2, 16, 0, 726 
1270292, 2, 193, 1, 1, 16, 1, 1268 
1270292, 2, 194, 1, 2, 8, 0, 806 
1270292, 2, 195, 1, 2, 8, 0, 679 
1270292, 2, 196, 2, 2, 16, 0, 631 
1270292, 2, 197, 1, 2, 8, 0, 680 
1270292, 2, 198, 2, 1, 4, 0, 776 
1270292, 2, 199, 1, 1, 16, 1, 1161 
1270292, 2, 200, 1, 2, 16, 0, 901 
1270292, 2, 201, 1, 1, 8, 0, 874 
1270292, 2, 202, 2, 1, 8, 0, 1243 
1270292, 2, 203, 2, 2, 8, 1, 764 
1270292, 2, 204, 1, 1, 8, 0, 952 
1270292, 2, 205, 2, 2, 4, 0, 714 
1270292, 2, 206, 2, 1, 8, 0, 1205 
1270292, 2, 207, 2, 1, 4, 0, 1341 
1270292, 2, 208, 2, 1, 8, 0, 1245 
1270292, 2, 209, 2, 2, 16, 0, 794 
1270292, 2, 210, 2, 2, 4, 0, 539 
1270292, 2, 211, 1, 2, 4, 0, 684 
1270292, 2, 212, 2, 2, 8, 0, 638 
1270292, 2, 213, 2, 1, 8, 0, 1292 
1270292, 2, 214, 2, 2, 8, 0, 653 
1270292, 2, 215, 1, 1, 4, 0, 702 
1270292, 2, 216, 1, 1, 4, 0, 1037 
1270292, 2, 217, 1, 1, 16, 0, 1099 
1270292, 2, 218, 2, 1, 4, 0, 893 
1270292, 2, 219, 1, 1, 4, 0, 715 
1270292, 2, 220, 2, 2, 16, 0, 702 
1270292, 2, 221, 2, 2, 16, 0, 575 
1270292, 2, 222, 2, 2, 8, 0, 600 
1270292, 2, 223, 2, 1, 4, 0, 957 
1270292, 2, 224, 2, 1, 16, 0, 1707 
1270292, 2, 225, 1, 1, 8, 0, 710 
1270292, 2, 226, 2, 2, 4, 0, 775 
1270292, 2, 227, 2, 1, 16, 0, 1337 
1270292, 2, 228, 1, 2, 8, 0, 953 
1270292, 2, 229, 1, 1, 8, 0, 856 
1270292, 2, 230, 1, 1, 4, 0, 729 
1270292, 2, 231, 1, 2, 16, 0, 663 
1270292, 2, 232, 2, 2, 8, 0, 843 
1270292, 2, 233, 1, 1, 16, 1, 1290 
1270292, 2, 234, 2, 1, 4, 0, 1047 
1270292, 2, 235, 2, 1, 8, 0, 1705 
1270292, 2, 236, 2, 1, 16, 0, 1387 
1270292, 2, 237, 2, 2, 4, 0, 1053 
1270292, 2, 238, 2, 1, 16, 0, 1659 
1270292, 2, 239, 1, 2, 8, 0, 757 
1270292, 2, 240, 1, 1, 4, 0, 940 


